[SYSTEMSETUP]
MUSIC=0.000000
SOUND=0.000000
