xof 0303txt 0032
template FVFData {
 <b6e70a0e-8ef9-4e83-94ad-ecc8b0c04897>
 DWORD dwFVF;
 DWORD nDWords;
 array DWORD data[nDWords];
}

template EffectInstance {
 <e331f7e4-0559-4cc2-8e99-1cec1657928f>
 STRING EffectFilename;
 [...]
}

template EffectParamFloats {
 <3014b9a0-62f5-478c-9b86-e4ac9f4e418b>
 STRING ParamName;
 DWORD nFloats;
 array FLOAT Floats[nFloats];
}

template EffectParamString {
 <1dbc4c88-94c1-46ee-9076-2c28818c9481>
 STRING ParamName;
 STRING Value;
}

template EffectParamDWord {
 <e13963bc-ae51-4c5d-b00f-cfa3a9d97ce5>
 STRING ParamName;
 DWORD Value;
}


Material PDX01_-_Default {
 1.000000;1.000000;1.000000;1.000000;;
 3.200000;
 0.000000;0.000000;0.000000;;
 0.000000;0.000000;0.000000;;

 TextureFilename {
  "effects_mission1_all.tga";
 }
}

Frame Box02 {
 

 FrameTransformMatrix {
  1.000000,0.000000,0.000000,0.000000,0.000000,1.000000,0.000000,0.000000,0.000000,0.000000,1.000000,0.000000,-0.004947,-0.004046,0.000920,1.000000;;
 }

 Mesh  {
  40;
  -0.013953;0.312769;-0.074756;,
  0.075019;0.312769;-0.012457;,
  -0.075019;0.312769;0.012457;,
  0.013953;0.312769;0.074756;,
  0.077840;0.818594;-0.052870;,
  0.086090;0.893200;0.164432;,
  -0.022965;0.012854;-0.081066;,
  0.084032;0.012854;-0.006146;,
  -0.084032;0.012854;0.006146;,
  0.022965;0.012854;0.081066;,
  -0.019242;0.159072;-0.067923;,
  0.070408;0.159072;-0.005149;,
  -0.070408;0.159072;0.005149;,
  0.019242;0.159072;0.067923;,
  -0.023773;0.804096;-0.124021;,
  -0.031171;0.972406;-0.129201;,
  -0.132070;0.972406;0.014898;,
  0.098327;0.450305;-0.017331;,
  -0.000373;0.458639;-0.076161;,
  0.017345;0.450305;0.098325;,
  -0.071695;0.458639;0.025698;,
  0.104913;0.688238;-0.023317;,
  0.215177;0.759349;0.051093;,
  0.121606;0.759349;0.184726;,
  -0.146740;0.675938;0.004626;,
  -0.045841;0.675938;-0.139472;,
  -0.132182;0.673965;-0.199929;,
  -0.233081;0.673965;-0.055831;,
  0.183960;0.893200;0.024660;,
  0.085132;0.978818;-0.047764;,
  -0.023059;0.818594;0.091228;,
  -0.015767;0.978818;0.096334;,
  -0.124645;0.849916;-0.194652;,
  -0.124672;0.804096;0.020078;,
  -0.225544;0.849916;-0.050553;,
  0.187825;0.597242;0.038215;,
  0.100150;0.597242;0.163427;,
  0.013972;0.688238;0.106561;,
  -0.089011;0.674951;-0.169701;,
  -0.189910;0.674951;-0.025602;;
  72;
  3;0,3,2;,
  3;3,0,1;,
  3;14,30,33;,
  3;30,14,4;,
  3;29,14,15;,
  3;14,29,4;,
  3;3,17,19;,
  3;17,3,1;,
  3;16,30,31;,
  3;30,16,33;,
  3;0,20,18;,
  3;20,0,2;,
  3;6,9,8;,
  3;9,6,7;,
  3;10,13,11;,
  3;13,10,12;,
  3;6,11,7;,
  3;11,6,10;,
  3;7,13,9;,
  3;13,7,11;,
  3;9,12,8;,
  3;12,9,13;,
  3;8,10,6;,
  3;10,8,12;,
  3;29,16,31;,
  3;16,29,15;,
  3;38,24,39;,
  3;24,38,25;,
  3;4,22,21;,
  3;22,4,28;,
  3;5,37,23;,
  3;37,5,30;,
  3;36,17,35;,
  3;17,36,19;,
  3;21,20,37;,
  3;20,21,18;,
  3;0,17,1;,
  3;17,0,18;,
  3;3,20,2;,
  3;20,3,19;,
  3;21,17,18;,
  3;17,21,35;,
  3;37,19,36;,
  3;19,37,20;,
  3;5,22,28;,
  3;22,5,23;,
  3;4,37,30;,
  3;37,4,21;,
  3;33,25,14;,
  3;25,33,24;,
  3;14,26,32;,
  3;14,38,26;,
  3;14,25,38;,
  3;32,27,34;,
  3;27,32,26;,
  3;33,39,24;,
  3;33,27,39;,
  3;34,27,33;,
  3;4,29,28;,
  3;5,31,30;,
  3;15,14,32;,
  3;16,34,33;,
  3;22,35,21;,
  3;23,37,36;,
  3;29,5,28;,
  3;5,29,31;,
  3;32,16,15;,
  3;16,32,34;,
  3;36,22,23;,
  3;22,36,35;,
  3;26,39,27;,
  3;39,26,38;;

  MeshNormals  {
   84;
   0.000000;-1.000000;0.000000;,
   0.095091;-0.993239;0.066583;,
   0.095091;-0.993239;0.066583;,
   0.095091;-0.993239;0.066583;,
   0.573577;0.000000;-0.819152;,
   0.573577;0.000000;-0.819152;,
   0.573577;0.000000;-0.819152;,
   0.582900;-0.020997;-0.812272;,
   0.813461;-0.117671;0.569592;,
   0.759858;-0.373536;0.532059;,
   -0.573577;-0.000000;0.819152;,
   -0.552682;-0.026196;0.832981;,
   -0.573577;0.000000;0.819152;,
   -0.573577;-0.000000;0.819152;,
   -0.817110;0.070557;-0.572147;,
   -0.787619;0.274788;-0.551497;,
   -0.787619;0.274788;-0.551497;,
   0.000000;1.000000;0.000000;,
   0.572580;0.058923;-0.817729;,
   0.572580;0.058923;-0.817729;,
   0.572580;0.058923;-0.817729;,
   0.572580;0.058923;-0.817729;,
   0.817012;0.072227;0.572079;,
   0.817012;0.072227;0.572079;,
   0.817012;0.072227;0.572079;,
   -0.572580;0.058923;0.817729;,
   -0.572580;0.058923;0.817729;,
   -0.572580;0.058923;0.817729;,
   -0.572580;0.058923;0.817729;,
   -0.817012;0.072227;-0.572079;,
   -0.817012;0.072227;-0.572079;,
   -0.817012;0.072227;-0.572079;,
   -0.036956;0.998982;-0.025877;,
   -0.036956;0.998982;-0.025877;,
   -0.036956;0.998982;-0.025877;,
   0.015324;-0.999825;0.010730;,
   0.015324;-0.999825;0.010730;,
   0.015324;-0.999825;0.010730;,
   0.015324;-0.999825;0.010730;,
   0.592433;-0.038733;-0.804688;,
   0.567609;-0.049229;-0.821825;,
   0.598331;-0.018645;-0.801032;,
   -0.554897;-0.039383;0.830986;,
   -0.574651;-0.038457;0.817495;,
   -0.574939;-0.028578;0.817697;,
   0.755450;-0.386632;0.528972;,
   -0.817000;0.072433;-0.572070;,
   -0.817000;0.072433;-0.572070;,
   0.542635;-0.094508;-0.834635;,
   0.529817;-0.055977;-0.846263;,
   0.569061;-0.125238;-0.812702;,
   0.508492;-0.047097;-0.859778;,
   -0.599228;-0.084084;0.796151;,
   -0.619850;-0.068424;0.781731;,
   -0.572503;-0.061173;0.817618;,
   -0.625108;-0.069119;0.777472;,
   0.569469;-0.036422;-0.821205;,
   -0.576911;-0.036422;0.815994;,
   0.783668;0.291136;0.548730;,
   0.817612;0.061284;0.572499;,
   0.783668;0.291136;0.548730;,
   0.817612;0.061284;0.572499;,
   -0.784570;-0.287490;-0.549362;,
   -0.784570;-0.287490;-0.549362;,
   0.801633;-0.205709;0.561310;,
   0.573577;-0.000000;-0.819152;,
   0.573577;0.000000;-0.819152;,
   0.573577;0.000000;-0.819152;,
   -0.818034;0.052221;-0.572794;,
   -0.818034;0.052221;-0.572794;,
   -0.573577;0.000000;0.819152;,
   -0.573577;-0.000000;0.819152;,
   -0.573577;0.000000;0.819152;,
   0.590448;-0.001153;-0.807075;,
   -0.556458;-0.001153;0.830875;,
   0.573577;0.000000;-0.819152;,
   -0.573577;-0.000000;0.819152;,
   0.573031;-0.031633;-0.818923;,
   -0.573548;-0.031633;0.818561;,
   0.469279;0.819637;0.328593;,
   0.469279;0.819637;0.328593;,
   -0.599367;0.681635;-0.419682;,
   -0.599367;0.681635;-0.419682;,
   0.015324;-0.999825;0.010730;;
   72;
   3;0,0,0;,
   3;0,0,0;,
   3;1,2,2;,
   3;2,1,3;,
   3;4,5,6;,
   3;5,4,7;,
   3;8,9,9;,
   3;9,8,8;,
   3;10,11,12;,
   3;11,10,13;,
   3;14,15,16;,
   3;15,14,14;,
   3;0,0,0;,
   3;0,0,0;,
   3;17,17,17;,
   3;17,17,17;,
   3;18,19,20;,
   3;19,18,21;,
   3;22,23,22;,
   3;23,22,24;,
   3;25,26,27;,
   3;26,25,28;,
   3;29,30,29;,
   3;30,29,31;,
   3;32,32,33;,
   3;32,32,34;,
   3;35,36,37;,
   3;36,35,38;,
   3;7,39,40;,
   3;39,7,41;,
   3;42,43,44;,
   3;43,42,11;,
   3;45,9,45;,
   3;9,45,9;,
   3;46,15,47;,
   3;15,46,16;,
   3;48,49,50;,
   3;49,48,51;,
   3;52,53,54;,
   3;53,52,55;,
   3;40,49,51;,
   3;49,40,56;,
   3;43,55,57;,
   3;55,43,53;,
   3;58,59,60;,
   3;59,58,61;,
   3;62,47,63;,
   3;47,62,46;,
   3;64,64,64;,
   3;64,64,64;,
   3;65,65,65;,
   3;66,66,66;,
   3;67,67,67;,
   3;68,68,68;,
   3;69,69,69;,
   3;70,70,70;,
   3;71,71,71;,
   3;72,72,72;,
   3;73,73,73;,
   3;74,74,74;,
   3;75,75,75;,
   3;76,76,76;,
   3;77,77,77;,
   3;78,78,78;,
   3;79,79,79;,
   3;80,80,80;,
   3;81,81,81;,
   3;82,82,82;,
   3;45,59,61;,
   3;59,45,45;,
   3;35,37,83;,
   3;37,35,35;;
  }

  MeshMaterialList  {
   1;
   72;
   0,
   0,
   0,
   0,
   0,
   0,
   0,
   0,
   0,
   0,
   0,
   0,
   0,
   0,
   0,
   0,
   0,
   0,
   0,
   0,
   0,
   0,
   0,
   0,
   0,
   0,
   0,
   0,
   0,
   0,
   0,
   0,
   0,
   0,
   0,
   0,
   0,
   0,
   0,
   0,
   0,
   0,
   0,
   0,
   0,
   0,
   0,
   0,
   0,
   0,
   0,
   0,
   0,
   0,
   0,
   0,
   0,
   0,
   0,
   0,
   0,
   0,
   0,
   0,
   0,
   0,
   0,
   0,
   0,
   0,
   0,
   0;
   { PDX01_-_Default }
  }

  MeshVertexColors  {
   40;
   0;1.000000;0.951898;0.889281;1.000000;;,
   1;1.000000;0.939421;0.860553;1.000000;;,
   2;1.000000;0.958460;0.904387;1.000000;;,
   3;1.000000;0.929304;0.837280;1.000000;;,
   4;1.000000;0.930536;0.840453;1.000000;;,
   5;1.000000;0.998810;0.997288;1.000000;;,
   6;1.000000;0.960314;0.908647;1.000000;;,
   7;1.000000;0.938744;0.858988;1.000000;;,
   8;1.000000;0.965385;0.920323;1.000000;;,
   9;1.000000;0.944118;0.871361;1.000000;;,
   10;1.000000;0.999141;0.998043;1.000000;;,
   11;1.000000;0.998940;0.997581;1.000000;;,
   12;1.000000;0.999150;0.998064;1.000000;;,
   13;1.000000;0.999191;0.998157;1.000000;;,
   14;1.000000;0.925376;0.828702;1.000000;;,
   15;1.000000;0.998810;0.997288;1.000000;;,
   16;1.000000;0.998810;0.997288;1.000000;;,
   17;1.000000;0.954064;0.894608;1.000000;;,
   18;1.000000;0.997694;0.994730;1.000000;;,
   19;1.000000;0.919677;0.815341;1.000000;;,
   20;1.000000;0.980851;0.956362;1.000000;;,
   21;1.000000;0.955880;0.899248;1.000000;;,
   22;1.000000;0.998810;0.997288;1.000000;;,
   23;1.000000;0.998810;0.997288;1.000000;;,
   24;1.000000;0.957799;0.903749;1.000000;;,
   25;1.000000;0.942911;0.869634;1.000000;;,
   26;1.000000;0.981403;0.957454;1.000000;;,
   27;1.000000;0.998810;0.997288;1.000000;;,
   28;1.000000;0.998862;0.997406;1.000000;;,
   29;1.000000;0.998810;0.997288;1.000000;;,
   30;1.000000;0.911676;0.796860;1.000000;;,
   31;1.000000;0.998810;0.997288;1.000000;;,
   32;1.000000;0.998810;0.997288;1.000000;;,
   33;1.000000;0.908609;0.789675;1.000000;;,
   34;1.000000;0.998810;0.997288;1.000000;;,
   35;1.000000;0.973049;0.938570;1.000000;;,
   36;1.000000;0.978302;0.950516;1.000000;;,
   37;1.000000;0.921660;0.820183;1.000000;;,
   38;1.000000;0.965836;0.921884;1.000000;;,
   39;1.000000;0.986404;0.968993;1.000000;;;
  }

  MeshTextureCoords  {
   40;
   0.393550;0.689517;,
   0.647016;0.689517;,
   0.393550;0.689517;,
   0.647016;0.689517;,
   0.598313;0.165870;,
   0.904945;0.088635;,
   0.367875;1.000000;,
   0.672691;1.000000;,
   0.367875;1.000000;,
   0.672691;1.000000;,
   0.392585;0.848630;,
   0.647981;0.848630;,
   0.392585;0.848630;,
   0.647981;0.848630;,
   0.308836;0.180878;,
   0.287760;0.006638;,
   0.287760;0.006638;,
   0.685047;0.547135;,
   0.417628;0.538507;,
   0.685047;0.547135;,
   0.417628;0.538507;,
   0.689623;0.300819;,
   1.000000;0.227202;,
   1.000000;0.227202;,
   0.245970;0.313552;,
   0.245970;0.313552;,
   -0.000000;0.315594;,
   0.000000;0.315594;,
   0.904945;0.088635;,
   0.619087;0.000000;,
   0.598314;0.165870;,
   0.619087;0.000000;,
   0.021471;0.133444;,
   0.308836;0.180878;,
   0.021471;0.133444;,
   0.930476;0.395021;,
   0.930476;0.395021;,
   0.689623;0.300819;,
   0.122985;0.314573;,
   0.122985;0.314573;;
  }
 }
}

AnimationSet Anim-1 {
 

 Animation Anim-Box02 {
  
  { Box02 }

  AnimationKey {
   4;
   21;
   0;16;1.000000,0.000000,0.000000,0.000000,0.000000,1.000000,0.000000,0.000000,0.000000,0.000000,1.000000,0.000000,-0.004947,-0.004046,0.000920,1.000000;;,
   160;16;0.999391,0.000000,0.034899,0.000000,0.000000,1.000000,0.000000,0.000000,-0.034899,0.000000,0.999391,0.000000,-0.004947,0.004496,0.000920,1.000000;;,
   320;16;0.997564,0.000000,0.069756,0.000000,0.000000,1.000000,0.000000,0.000000,-0.069756,0.000000,0.997564,0.000000,-0.004947,0.013037,0.000920,1.000000;;,
   480;16;0.994522,0.000000,0.104528,0.000000,0.000000,1.000000,0.000000,0.000000,-0.104528,0.000000,0.994522,0.000000,-0.004947,0.021579,0.000920,1.000000;;,
   640;16;0.990268,0.000000,0.139173,0.000000,0.000000,1.000000,0.000000,0.000000,-0.139173,0.000000,0.990268,0.000000,-0.004947,0.030121,0.000920,1.000000;;,
   800;16;0.984808,0.000000,0.173648,0.000000,0.000000,1.000000,0.000000,0.000000,-0.173648,0.000000,0.984808,0.000000,-0.004947,0.038662,0.000920,1.000000;;,
   960;16;0.978148,0.000000,0.207912,0.000000,0.000000,1.000000,0.000000,0.000000,-0.207912,0.000000,0.978148,0.000000,-0.004947,0.047204,0.000920,1.000000;;,
   1120;16;0.970296,0.000000,0.241922,0.000000,0.000000,1.000000,0.000000,0.000000,-0.241922,0.000000,0.970296,0.000000,-0.004947,0.055746,0.000920,1.000000;;,
   1280;16;0.961262,0.000000,0.275637,0.000000,0.000000,1.000000,0.000000,0.000000,-0.275637,0.000000,0.961262,0.000000,-0.004947,0.064287,0.000920,1.000000;;,
   1440;16;0.951057,0.000000,0.309017,0.000000,0.000000,1.000000,0.000000,0.000000,-0.309017,0.000000,0.951057,0.000000,-0.004947,0.072829,0.000920,1.000000;;,
   1600;16;0.939693,0.000000,0.342020,0.000000,0.000000,1.000000,0.000000,0.000000,-0.342020,0.000000,0.939693,0.000000,-0.004947,0.081370,0.000920,1.000000;;,
   1760;16;0.951057,0.000000,0.309017,0.000000,0.000000,1.000000,0.000000,0.000000,-0.309017,0.000000,0.951057,0.000000,-0.004947,0.072829,0.000920,1.000000;;,
   1920;16;0.961262,0.000000,0.275637,0.000000,0.000000,1.000000,0.000000,0.000000,-0.275637,0.000000,0.961262,0.000000,-0.004947,0.064287,0.000920,1.000000;;,
   2080;16;0.970296,0.000000,0.241922,0.000000,0.000000,1.000000,0.000000,0.000000,-0.241922,0.000000,0.970296,0.000000,-0.004947,0.055746,0.000920,1.000000;;,
   2240;16;0.978148,0.000000,0.207912,0.000000,0.000000,1.000000,0.000000,0.000000,-0.207912,0.000000,0.978148,0.000000,-0.004947,0.047204,0.000920,1.000000;;,
   2400;16;0.984808,0.000000,0.173648,0.000000,0.000000,1.000000,0.000000,0.000000,-0.173648,0.000000,0.984808,0.000000,-0.004947,0.038662,0.000920,1.000000;;,
   2560;16;0.990268,0.000000,0.139173,0.000000,0.000000,1.000000,0.000000,0.000000,-0.139173,0.000000,0.990268,0.000000,-0.004947,0.030121,0.000920,1.000000;;,
   2720;16;0.994522,0.000000,0.104528,0.000000,0.000000,1.000000,0.000000,0.000000,-0.104528,0.000000,0.994522,0.000000,-0.004947,0.021579,0.000920,1.000000;;,
   2880;16;0.997564,0.000000,0.069756,0.000000,0.000000,1.000000,0.000000,0.000000,-0.069756,0.000000,0.997564,0.000000,-0.004947,0.013037,0.000920,1.000000;;,
   3040;16;0.999391,0.000000,0.034899,0.000000,0.000000,1.000000,0.000000,0.000000,-0.034899,0.000000,0.999391,0.000000,-0.004947,0.004496,0.000920,1.000000;;,
   3200;16;1.000000,0.000000,0.000000,0.000000,0.000000,1.000000,0.000000,0.000000,0.000000,0.000000,1.000000,0.000000,-0.004947,-0.004046,0.000920,1.000000;;;
  }
 }
}