xof 0303txt 0032
template FVFData {
 <b6e70a0e-8ef9-4e83-94ad-ecc8b0c04897>
 DWORD dwFVF;
 DWORD nDWords;
 array DWORD data[nDWords];
}

template EffectInstance {
 <e331f7e4-0559-4cc2-8e99-1cec1657928f>
 STRING EffectFilename;
 [...]
}

template EffectParamFloats {
 <3014b9a0-62f5-478c-9b86-e4ac9f4e418b>
 STRING ParamName;
 DWORD nFloats;
 array FLOAT Floats[nFloats];
}

template EffectParamString {
 <1dbc4c88-94c1-46ee-9076-2c28818c9481>
 STRING ParamName;
 STRING Value;
}

template EffectParamDWord {
 <e13963bc-ae51-4c5d-b00f-cfa3a9d97ce5>
 STRING ParamName;
 DWORD Value;
}


Material PDX01_-_Default {
 1.000000;1.000000;1.000000;1.000000;;
 3.200000;
 0.000000;0.000000;0.000000;;
 0.000000;0.000000;0.000000;;

 TextureFilename {
  "effects_mission3_all.tga";
 }
}

Frame Box01 {
 

 FrameTransformMatrix {
  1.000000,0.000000,0.000000,0.000000,0.000000,1.000000,0.000000,0.000000,0.000000,0.000000,1.000000,0.000000,-0.003282,0.012558,-0.001540,1.000000;;
 }

 Mesh  {
  20;
  -0.007384;0.300025;-0.075687;,
  0.075820;0.300025;-0.005871;,
  -0.075820;0.300025;0.005871;,
  0.007384;0.300025;0.075687;,
  -0.018636;0.881560;-0.130456;,
  0.131710;0.881560;-0.004301;,
  -0.131710;0.881560;0.004301;,
  0.018636;0.881560;0.130456;,
  -0.015813;0.000110;-0.082759;,
  0.084248;0.000110;0.001201;,
  -0.084248;0.000110;-0.001201;,
  0.015813;0.000110;0.082759;,
  -0.013249;0.146327;-0.069342;,
  0.070589;0.146327;0.001007;,
  -0.070589;0.146327;-0.001007;,
  0.013249;0.146327;0.069342;,
  0.020801;0.938972;-0.097365;,
  -0.092273;0.938972;0.037392;,
  0.092273;0.938972;-0.037392;,
  -0.020801;0.938972;0.097365;;
  32;
  3;0,3,2;,
  3;3,0,1;,
  3;16,6,17;,
  3;6,16,4;,
  3;18,4,16;,
  3;4,18,5;,
  3;1,7,3;,
  3;7,1,5;,
  3;17,7,19;,
  3;7,17,6;,
  3;2,4,0;,
  3;4,2,6;,
  3;8,11,10;,
  3;11,8,9;,
  3;12,15,13;,
  3;15,12,14;,
  3;8,13,9;,
  3;13,8,12;,
  3;9,15,11;,
  3;15,9,13;,
  3;11,14,10;,
  3;14,11,15;,
  3;10,12,8;,
  3;12,10,14;,
  3;5,19,7;,
  3;19,5,18;,
  3;16,19,18;,
  3;19,16,17;,
  3;0,5,1;,
  3;5,0,4;,
  3;3,6,2;,
  3;6,3,7;;

  MeshNormals  {
   35;
   0.000000;-1.000000;0.000000;,
   -0.312297;0.913127;-0.262048;,
   -0.570333;0.667603;-0.478567;,
   -0.312297;0.913127;-0.262048;,
   -0.570333;0.667603;-0.478566;,
   0.642788;0.000000;-0.766044;,
   0.642319;-0.038186;-0.765486;,
   0.642788;0.000000;-0.766044;,
   0.642319;-0.038186;-0.765486;,
   0.763879;-0.075145;0.640970;,
   0.763879;-0.075145;0.640970;,
   -0.642788;0.000000;0.766044;,
   -0.642319;-0.038186;0.765486;,
   -0.642788;0.000000;0.766044;,
   -0.642319;-0.038186;0.765486;,
   -0.763879;-0.075145;-0.640970;,
   -0.763879;-0.075145;-0.640970;,
   0.000000;1.000000;0.000000;,
   0.641671;0.058923;-0.764713;,
   0.641671;0.058923;-0.764713;,
   0.764044;0.072227;0.641109;,
   0.764044;0.072227;0.641109;,
   -0.641671;0.058923;0.764713;,
   -0.641671;0.058923;0.764713;,
   -0.764044;0.072227;-0.641109;,
   -0.764044;0.072227;-0.641109;,
   -0.764044;0.072227;-0.641109;,
   0.570333;0.667603;0.478567;,
   0.312297;0.913127;0.262048;,
   0.570333;0.667603;0.478566;,
   0.312297;0.913127;0.262048;,
   0.641645;-0.059603;-0.764683;,
   0.641645;-0.059603;-0.764683;,
   -0.641645;-0.059603;0.764683;,
   -0.641645;-0.059603;0.764683;;
   32;
   3;0,0,0;,
   3;0,0,0;,
   3;1,2,3;,
   3;2,1,4;,
   3;5,6,7;,
   3;6,5,8;,
   3;9,9,9;,
   3;9,9,10;,
   3;11,12,13;,
   3;12,11,14;,
   3;15,15,15;,
   3;15,15,16;,
   3;0,0,0;,
   3;0,0,0;,
   3;17,17,17;,
   3;17,17,17;,
   3;18,18,18;,
   3;18,18,19;,
   3;20,20,20;,
   3;20,20,21;,
   3;22,22,22;,
   3;22,22,23;,
   3;24,24,25;,
   3;24,24,26;,
   3;27,28,29;,
   3;28,27,30;,
   3;1,28,30;,
   3;28,1,3;,
   3;31,8,32;,
   3;8,31,6;,
   3;33,14,34;,
   3;14,33,12;;
  }

  MeshMaterialList  {
   1;
   32;
   0,
   0,
   0,
   0,
   0,
   0,
   0,
   0,
   0,
   0,
   0,
   0,
   0,
   0,
   0,
   0,
   0,
   0,
   0,
   0,
   0,
   0,
   0,
   0,
   0,
   0,
   0,
   0,
   0,
   0,
   0,
   0;
   { PDX01_-_Default }
  }

  MeshVertexColors  {
   20;
   0;1.000000;0.995985;0.990777;1.000000;;,
   1;1.000000;0.995290;0.989180;1.000000;;,
   2;1.000000;0.997022;0.993158;1.000000;;,
   3;1.000000;0.995269;0.989131;1.000000;;,
   4;1.000000;1.000000;1.000000;1.000000;;,
   5;1.000000;0.999999;0.999998;1.000000;;,
   6;1.000000;1.000000;1.000000;1.000000;;,
   7;1.000000;0.999983;0.999960;1.000000;;,
   8;1.000000;0.995231;0.989044;1.000000;;,
   9;1.000000;0.995269;0.989131;1.000000;;,
   10;1.000000;1.000000;1.000000;1.000000;;,
   11;1.000000;0.999929;0.999838;1.000000;;,
   12;1.000000;0.999534;0.998929;1.000000;;,
   13;1.000000;0.998944;0.997575;1.000000;;,
   14;1.000000;0.999940;0.999862;1.000000;;,
   15;1.000000;0.999231;0.998234;1.000000;;,
   16;1.000000;1.000000;1.000000;1.000000;;,
   17;1.000000;1.000000;1.000000;1.000000;;,
   18;1.000000;1.000000;1.000000;1.000000;;,
   19;1.000000;1.000000;1.000000;1.000000;;;
  }

  MeshTextureCoords  {
   20;
   0.452957;0.663826;,
   0.547043;0.663826;,
   0.452957;0.663826;,
   0.547043;0.663826;,
   0.414996;0.101809;,
   0.585004;0.101809;,
   0.414996;0.101809;,
   0.585004;0.101809;,
   0.443427;0.953676;,
   0.556573;0.953676;,
   0.443427;0.953676;,
   0.556573;0.953676;,
   0.452599;0.812365;,
   0.547401;0.812365;,
   0.452599;0.812365;,
   0.547401;0.812365;,
   0.459590;0.046324;,
   0.459590;0.046324;,
   0.540410;0.046324;,
   0.540410;0.046324;;
  }
 }
}

AnimationSet Anim-1 {
 

 Animation Anim-Box01 {
  
  { Box01 }

  AnimationKey {
   4;
   21;
   0;16;1.000000,0.000000,0.000000,0.000000,0.000000,1.000000,0.000000,0.000000,0.000000,0.000000,1.000000,0.000000,-0.003282,0.012558,-0.001540,1.000000;;,
   160;16;0.996917,0.000000,0.078459,0.000000,0.000000,1.000000,0.000000,0.000000,-0.078459,0.000000,0.996917,0.000000,-0.003282,0.023179,-0.001540,1.000000;;,
   320;16;0.987688,0.000000,0.156434,0.000000,0.000000,1.000000,0.000000,0.000000,-0.156434,0.000000,0.987688,0.000000,-0.003282,0.033800,-0.001540,1.000000;;,
   480;16;0.972370,0.000000,0.233445,0.000000,0.000000,1.000000,0.000000,0.000000,-0.233445,0.000000,0.972370,0.000000,-0.003282,0.044421,-0.001540,1.000000;;,
   640;16;0.951057,0.000000,0.309017,0.000000,0.000000,1.000000,0.000000,0.000000,-0.309017,0.000000,0.951057,0.000000,-0.003282,0.055042,-0.001540,1.000000;;,
   800;16;0.923880,0.000000,0.382683,0.000000,0.000000,1.000000,0.000000,0.000000,-0.382683,0.000000,0.923880,0.000000,-0.003282,0.065663,-0.001540,1.000000;;,
   960;16;0.891007,0.000000,0.453990,0.000000,0.000000,1.000000,0.000000,0.000000,-0.453990,0.000000,0.891007,0.000000,-0.003282,0.076284,-0.001540,1.000000;;,
   1120;16;0.852640,0.000000,0.522498,0.000000,0.000000,1.000000,0.000000,0.000000,-0.522498,0.000000,0.852640,0.000000,-0.003282,0.086905,-0.001540,1.000000;;,
   1280;16;0.809017,0.000000,0.587785,0.000000,0.000000,1.000000,0.000000,0.000000,-0.587785,0.000000,0.809017,0.000000,-0.003282,0.097526,-0.001540,1.000000;;,
   1440;16;0.760406,0.000000,0.649448,0.000000,0.000000,1.000000,0.000000,0.000000,-0.649448,0.000000,0.760406,0.000000,-0.003282,0.108147,-0.001540,1.000000;;,
   1600;16;0.707107,0.000000,0.707107,0.000000,0.000000,1.000000,0.000000,0.000000,-0.707107,0.000000,0.707107,0.000000,-0.003282,0.118768,-0.001540,1.000000;;,
   1760;16;0.760406,0.000000,0.649448,0.000000,0.000000,1.000000,0.000000,0.000000,-0.649448,0.000000,0.760406,0.000000,-0.003282,0.108147,-0.001540,1.000000;;,
   1920;16;0.809017,0.000000,0.587785,0.000000,0.000000,1.000000,0.000000,0.000000,-0.587785,0.000000,0.809017,0.000000,-0.003282,0.097526,-0.001540,1.000000;;,
   2080;16;0.852640,0.000000,0.522498,0.000000,0.000000,1.000000,0.000000,0.000000,-0.522498,0.000000,0.852640,0.000000,-0.003282,0.086905,-0.001540,1.000000;;,
   2240;16;0.891007,0.000000,0.453991,0.000000,0.000000,1.000000,0.000000,0.000000,-0.453991,0.000000,0.891007,0.000000,-0.003282,0.076284,-0.001540,1.000000;;,
   2400;16;0.923880,0.000000,0.382683,0.000000,0.000000,1.000000,0.000000,0.000000,-0.382683,0.000000,0.923880,0.000000,-0.003282,0.065663,-0.001540,1.000000;;,
   2560;16;0.951057,0.000000,0.309017,0.000000,0.000000,1.000000,0.000000,0.000000,-0.309017,0.000000,0.951057,0.000000,-0.003282,0.055042,-0.001540,1.000000;;,
   2720;16;0.972370,0.000000,0.233445,0.000000,0.000000,1.000000,0.000000,0.000000,-0.233445,0.000000,0.972370,0.000000,-0.003282,0.044421,-0.001540,1.000000;;,
   2880;16;0.987688,0.000000,0.156434,0.000000,0.000000,1.000000,0.000000,0.000000,-0.156434,0.000000,0.987688,0.000000,-0.003282,0.033800,-0.001540,1.000000;;,
   3040;16;0.996917,0.000000,0.078459,0.000000,0.000000,1.000000,0.000000,0.000000,-0.078459,0.000000,0.996917,0.000000,-0.003282,0.023179,-0.001540,1.000000;;,
   3200;16;1.000000,0.000000,0.000000,0.000000,0.000000,1.000000,0.000000,0.000000,0.000000,0.000000,1.000000,0.000000,-0.003282,0.012558,-0.001540,1.000000;;;
  }
 }
}