xof 0303txt 0032
template FVFData {
 <b6e70a0e-8ef9-4e83-94ad-ecc8b0c04897>
 DWORD dwFVF;
 DWORD nDWords;
 array DWORD data[nDWords];
}

template EffectInstance {
 <e331f7e4-0559-4cc2-8e99-1cec1657928f>
 STRING EffectFilename;
 [...]
}

template EffectParamFloats {
 <3014b9a0-62f5-478c-9b86-e4ac9f4e418b>
 STRING ParamName;
 DWORD nFloats;
 array FLOAT Floats[nFloats];
}

template EffectParamString {
 <1dbc4c88-94c1-46ee-9076-2c28818c9481>
 STRING ParamName;
 STRING Value;
}

template EffectParamDWord {
 <e13963bc-ae51-4c5d-b00f-cfa3a9d97ce5>
 STRING ParamName;
 DWORD Value;
}


Material PDX01_-_Default {
 1.000000;1.000000;1.000000;1.000000;;
 3.200000;
 0.000000;0.000000;0.000000;;
 0.000000;0.000000;0.000000;;

 TextureFilename {
  "effects_scene_butterfly_all.tga";
 }
}

Frame Dummy01 {
 

 FrameTransformMatrix {
  -0.964391,-0.249742,-0.087054,0.000000,0.142280,-0.767364,0.625227,0.000000,-0.222948,0.590578,0.775572,0.000000,2.949243,0.312802,0.668243,1.000000;;
 }

 Frame {
  

  FrameTransformMatrix {
   1.000000,-0.000000,-0.000000,0.000000,-0.000000,1.000000,0.000000,0.000000,-0.000000,0.000000,1.000000,0.000000,0.000000,-0.000000,-0.000000,1.000000;;
  }
 }

 Frame Object05 {
  

  FrameTransformMatrix {
   -0.233911,0.854583,-0.000000,0.000000,0.964522,0.264003,0.000000,0.000000,-0.000000,-0.000000,1.000000,0.000000,-0.000481,-0.000000,0.007299,1.000000;;
  }

  Frame {
   

   FrameTransformMatrix {
    1.000000,-0.000000,-0.000000,0.000000,-0.000000,1.000000,0.000000,0.000000,0.000000,-0.000000,1.000000,0.000000,-0.001482,-0.000000,-0.169437,1.000000;;
   }

   Mesh  {
    8;
    0.000000;0.000000;0.338874;,
    0.000000;0.000000;0.000000;,
    0.301999;0.000000;0.000000;,
    0.301999;0.000000;0.338874;,
    0.000000;0.000000;0.338874;,
    0.000000;0.000000;0.000000;,
    0.301999;0.000000;0.000000;,
    0.301999;0.000000;0.338874;;
    4;
    3;1,2,3;,
    3;3,0,1;,
    3;5,4,7;,
    3;7,6,5;;

    MeshNormals  {
     2;
     0.000000;1.000000;0.000000;,
     0.000000;-1.000000;0.000000;;
     4;
     3;0,0,0;,
     3;0,0,0;,
     3;1,1,1;,
     3;1,1,1;;
    }

    MeshMaterialList  {
     1;
     4;
     0,
     0,
     0,
     0;
     { PDX01_-_Default }
    }

    MeshTextureCoords  {
     8;
     0.514900;0.009789;,
     0.514900;0.507870;,
     0.992916;0.505185;,
     0.992916;0.007103;,
     0.514900;0.009789;,
     0.514900;0.507870;,
     0.992916;0.505185;,
     0.992916;0.007103;;
    }
   }
  }
 }

 Frame Object02 {
  

  FrameTransformMatrix {
   0.251548,0.849559,-0.000000,0.000000,-0.958851,0.283909,-0.000000,0.000000,0.000000,-0.000000,1.000000,0.000000,-0.000481,-0.000000,0.007299,1.000000;;
  }

  Frame {
   

   FrameTransformMatrix {
    1.000000,0.000000,0.000000,0.000000,-0.000000,1.000000,0.000000,0.000000,-0.000000,-0.000000,1.000000,0.000000,-0.001482,-0.000000,-0.169437,1.000000;;
   }

   Mesh  {
    8;
    0.000000;0.000000;0.338874;,
    0.000000;0.000000;0.000000;,
    0.301999;0.000000;0.000000;,
    0.301999;0.000000;0.338874;,
    0.000000;0.000000;0.338874;,
    0.000000;0.000000;0.000000;,
    0.301999;0.000000;0.000000;,
    0.301999;0.000000;0.338874;;
    4;
    3;1,3,2;,
    3;3,1,0;,
    3;5,7,4;,
    3;7,5,6;;

    MeshNormals  {
     2;
     0.000000;1.000000;0.000000;,
     0.000000;-1.000000;0.000000;;
     4;
     3;0,0,0;,
     3;0,0,0;,
     3;1,1,1;,
     3;1,1,1;;
    }

    MeshMaterialList  {
     1;
     4;
     0,
     0,
     0,
     0;
     { PDX01_-_Default }
    }

    MeshTextureCoords  {
     8;
     0.514900;0.009789;,
     0.514900;0.507870;,
     0.992916;0.505185;,
     0.992916;0.007103;,
     0.514900;0.009789;,
     0.514900;0.507870;,
     0.992916;0.505185;,
     0.992916;0.007103;;
    }
   }
  }
 }
}

Frame Dummy02 {
 

 FrameTransformMatrix {
  -0.776645,0.107756,-0.620654,0.000000,-0.264663,0.838268,0.476718,0.000000,0.571644,0.534504,-0.622518,0.000000,0.406779,0.208341,1.525470,1.000000;;
 }

 Frame {
  

  FrameTransformMatrix {
   1.000000,0.000000,-0.000000,0.000000,0.000000,1.000000,-0.000000,0.000000,-0.000000,-0.000000,1.000000,0.000000,0.000000,0.000000,0.000000,1.000000;;
  }
 }

 Frame Object06 {
  

  FrameTransformMatrix {
   -0.068482,0.883367,-0.000000,0.000000,0.997009,0.077292,0.000000,0.000000,-0.000000,-0.000000,1.000000,0.000000,0.000241,0.000000,0.009109,1.000000;;
  }

  Frame {
   

   FrameTransformMatrix {
    1.000000,-0.000000,0.000000,0.000000,0.000000,1.000000,-0.000000,0.000000,-0.000000,0.000000,1.000000,0.000000,0.300516,0.000000,-0.169437,1.000000;;
   }

   Mesh  {
    8;
    -0.301999;0.000000;0.338874;,
    -0.301999;0.000000;0.000000;,
    0.000000;0.000000;0.000000;,
    0.000000;0.000000;0.338874;,
    -0.301999;0.000000;0.338874;,
    -0.301999;0.000000;0.000000;,
    0.000000;0.000000;0.000000;,
    0.000000;0.000000;0.338874;;
    4;
    3;1,2,3;,
    3;3,0,1;,
    3;5,4,7;,
    3;7,6,5;;

    MeshNormals  {
     2;
     0.000000;1.000000;0.000000;,
     0.000000;-1.000000;0.000000;;
     4;
     3;0,0,0;,
     3;0,0,0;,
     3;1,1,1;,
     3;1,1,1;;
    }

    MeshMaterialList  {
     1;
     4;
     0,
     0,
     0,
     0;
     { PDX01_-_Default }
    }

    MeshTextureCoords  {
     8;
     0.007084;0.007103;,
     0.007084;0.505185;,
     0.514900;0.507870;,
     0.514900;0.009789;,
     0.007084;0.007103;,
     0.007084;0.505185;,
     0.514900;0.507870;,
     0.514900;0.009789;;
    }
   }
  }
 }

 Frame Object03 {
  

  FrameTransformMatrix {
   0.117755,0.878158,0.000000,0.000000,-0.991129,0.132903,0.000000,0.000000,-0.000000,0.000000,1.000000,0.000000,0.000241,0.000000,0.009109,1.000000;;
  }

  Frame {
   

   FrameTransformMatrix {
    1.000000,-0.000000,-0.000000,0.000000,0.000000,1.000000,-0.000000,0.000000,0.000000,0.000000,1.000000,0.000000,0.300517,0.000000,-0.169437,1.000000;;
   }

   Mesh  {
    8;
    -0.301999;0.000000;0.338874;,
    -0.301999;0.000000;0.000000;,
    0.000000;0.000000;0.000000;,
    0.000000;0.000000;0.338874;,
    -0.301999;0.000000;0.338874;,
    -0.301999;0.000000;0.000000;,
    0.000000;0.000000;0.000000;,
    0.000000;0.000000;0.338874;;
    4;
    3;1,3,2;,
    3;3,1,0;,
    3;5,7,4;,
    3;7,5,6;;

    MeshNormals  {
     2;
     0.000000;1.000000;0.000000;,
     0.000000;-1.000000;0.000000;;
     4;
     3;0,0,0;,
     3;0,0,0;,
     3;1,1,1;,
     3;1,1,1;;
    }

    MeshMaterialList  {
     1;
     4;
     0,
     0,
     0,
     0;
     { PDX01_-_Default }
    }

    MeshTextureCoords  {
     8;
     0.007084;0.007103;,
     0.007084;0.505185;,
     0.514900;0.507870;,
     0.514900;0.009789;,
     0.007084;0.007103;,
     0.007084;0.505185;,
     0.514900;0.507870;,
     0.514900;0.009789;;
    }
   }
  }
 }
}

Frame Dummy03 {
 

 FrameTransformMatrix {
  0.984929,-0.016204,-0.172200,0.000000,-0.055485,-0.972584,-0.225834,0.000000,-0.163820,0.231985,-0.958825,0.000000,0.890850,1.126767,-1.919699,1.000000;;
 }

 Frame {
  

  FrameTransformMatrix {
   1.000000,-0.000000,-0.000000,0.000000,-0.000000,1.000000,-0.000000,0.000000,-0.000000,-0.000000,1.000000,0.000000,-0.000000,-0.000000,-0.000000,1.000000;;
  }
 }

 Frame Object04 {
  

  FrameTransformMatrix {
   0.062816,0.883788,-0.000000,0.000000,-0.997484,0.070897,-0.000000,0.000000,0.000000,-0.000000,1.000000,0.000000,-0.003493,-0.000000,0.003170,1.000000;;
  }

  Frame {
   

   FrameTransformMatrix {
    1.000000,0.000000,-0.000000,0.000000,0.000000,1.000000,-0.000000,0.000000,-0.000000,0.000000,1.000000,0.000000,0.300517,-0.000000,0.169437,1.000000;;
   }

   Mesh  {
    8;
    -0.301999;0.000000;0.000000;,
    -0.301999;0.000000;-0.338874;,
    0.000000;0.000000;-0.338874;,
    0.000000;0.000000;0.000000;,
    -0.301999;0.000000;0.000000;,
    -0.301999;0.000000;-0.338874;,
    0.000000;0.000000;-0.338874;,
    0.000000;0.000000;0.000000;;
    4;
    3;1,3,2;,
    3;3,1,0;,
    3;5,7,4;,
    3;7,5,6;;

    MeshNormals  {
     2;
     0.000000;1.000000;0.000000;,
     0.000000;-1.000000;0.000000;;
     4;
     3;0,0,0;,
     3;0,0,0;,
     3;1,1,1;,
     3;1,1,1;;
    }

    MeshMaterialList  {
     1;
     4;
     0,
     0,
     0,
     0;
     { PDX01_-_Default }
    }

    MeshTextureCoords  {
     8;
     0.007084;0.505185;,
     0.007084;0.992936;,
     0.514900;0.995621;,
     0.514900;0.507870;,
     0.007084;0.505185;,
     0.007084;0.992936;,
     0.514900;0.995621;,
     0.514900;0.507870;;
    }
   }
  }
 }

 Frame Object07 {
  

  FrameTransformMatrix {
   -0.005902,0.885998,-0.000000,0.000000,0.999978,0.006661,0.000000,0.000000,-0.000000,-0.000000,1.000000,0.000000,-0.003493,-0.000000,0.003170,1.000000;;
  }

  Frame {
   

   FrameTransformMatrix {
    1.000000,0.000000,-0.000000,0.000000,-0.000000,1.000000,-0.000000,0.000000,0.000000,0.000000,1.000000,0.000000,0.300517,0.000000,0.169437,1.000000;;
   }

   Mesh  {
    8;
    -0.301999;0.000000;0.000000;,
    -0.301999;0.000000;-0.338874;,
    0.000000;0.000000;-0.338874;,
    0.000000;0.000000;0.000000;,
    -0.298565;-0.007313;0.002203;,
    -0.305307;0.001117;-0.336513;,
    -0.003434;0.007313;-0.341076;,
    0.003309;-0.001117;-0.002360;;
    4;
    3;1,2,3;,
    3;3,0,1;,
    3;5,4,7;,
    3;7,6,5;;

    MeshNormals  {
     4;
     0.000000;1.000000;0.000000;,
     0.020132;-0.999478;-0.025274;,
     0.020132;-0.999478;-0.025274;,
     0.020132;-0.999478;-0.025274;;
     4;
     3;0,0,0;,
     3;0,0,0;,
     3;1,2,3;,
     3;3,2,1;;
    }

    MeshMaterialList  {
     1;
     4;
     0,
     0,
     0,
     0;
     { PDX01_-_Default }
    }

    MeshTextureCoords  {
     8;
     0.007084;0.505185;,
     0.007084;0.992936;,
     0.514900;0.995621;,
     0.514900;0.507870;,
     0.007084;0.505185;,
     0.007084;0.992936;,
     0.514900;0.995621;,
     0.514900;0.507870;;
    }
   }
  }
 }
}

Frame Dummy04 {
 

 FrameTransformMatrix {
  0.814116,-0.218948,-0.537844,0.000000,0.159763,0.974904,-0.155040,0.000000,0.558292,0.040293,0.828665,0.000000,2.820686,0.123559,-0.245059,1.000000;;
 }

 Frame {
  

  FrameTransformMatrix {
   1.000000,0.000000,0.000000,0.000000,0.000000,1.000000,0.000000,0.000000,0.000000,0.000000,1.000000,0.000000,0.000000,0.000000,-0.000000,1.000000;;
  }
 }

 Frame Object08 {
  

  FrameTransformMatrix {
   -0.108769,0.879316,-0.000000,0.000000,0.992436,0.122762,0.000000,0.000000,-0.000000,-0.000000,1.000000,0.000000,-0.000086,0.000000,0.013111,1.000000;;
  }

  Frame {
   

   FrameTransformMatrix {
    1.000000,-0.000000,-0.000000,0.000000,0.000000,1.000000,-0.000000,0.000000,0.000000,0.000000,1.000000,0.000000,-0.001482,0.000000,0.169437,1.000000;;
   }

   Mesh  {
    8;
    0.000000;0.000000;0.000000;,
    0.000000;0.000000;-0.338874;,
    0.301999;0.000000;-0.338874;,
    0.301999;0.000000;0.000000;,
    0.000000;0.000000;0.000000;,
    0.000000;0.000000;-0.338874;,
    0.301999;0.000000;-0.338874;,
    0.301999;0.000000;0.000000;;
    4;
    3;1,2,3;,
    3;3,0,1;,
    3;5,4,7;,
    3;7,6,5;;

    MeshNormals  {
     2;
     0.000000;1.000000;0.000000;,
     0.000000;-1.000000;0.000000;;
     4;
     3;0,0,0;,
     3;0,0,0;,
     3;1,1,1;,
     3;1,1,1;;
    }

    MeshMaterialList  {
     1;
     4;
     0,
     0,
     0,
     0;
     { PDX01_-_Default }
    }

    MeshTextureCoords  {
     8;
     0.514900;0.507870;,
     0.514900;0.995621;,
     0.992916;0.992936;,
     0.992916;0.505185;,
     0.514900;0.507870;,
     0.514900;0.995621;,
     0.992916;0.992936;,
     0.992916;0.505185;;
    }
   }
  }
 }

 Frame Object01 {
  

  FrameTransformMatrix {
   -0.027278,0.885598,0.000000,0.000000,-0.999526,-0.030788,0.000000,0.000000,-0.000000,0.000000,1.000000,0.000000,-0.000086,0.000000,0.013111,1.000000;;
  }

  Frame {
   

   FrameTransformMatrix {
    1.000000,-0.000000,0.000000,0.000000,-0.000000,1.000000,0.000000,0.000000,-0.000000,-0.000000,1.000000,0.000000,-0.001482,0.000000,0.169437,1.000000;;
   }

   Mesh  {
    8;
    0.000000;0.000000;0.000000;,
    0.000000;0.000000;-0.338874;,
    0.301999;0.000000;-0.338874;,
    0.301999;0.000000;0.000000;,
    0.000000;0.000000;0.000000;,
    0.000000;0.000000;-0.338874;,
    0.301999;0.000000;-0.338874;,
    0.301999;0.000000;0.000000;;
    4;
    3;1,3,2;,
    3;3,1,0;,
    3;5,7,4;,
    3;7,5,6;;

    MeshNormals  {
     2;
     0.000000;1.000000;0.000000;,
     0.000000;-1.000000;0.000000;;
     4;
     3;0,0,0;,
     3;0,0,0;,
     3;1,1,1;,
     3;1,1,1;;
    }

    MeshMaterialList  {
     1;
     4;
     0,
     0,
     0,
     0;
     { PDX01_-_Default }
    }

    MeshTextureCoords  {
     8;
     0.514900;0.507870;,
     0.514900;0.995621;,
     0.992916;0.992936;,
     0.992916;0.505185;,
     0.514900;0.507870;,
     0.514900;0.995621;,
     0.992916;0.992936;,
     0.992916;0.505185;;
    }
   }
  }
 }
}

Frame Dummy05 {
 

 FrameTransformMatrix {
  -0.015659,0.165574,-0.986073,0.000000,0.347272,0.925703,0.149922,0.000000,0.937634,-0.340088,-0.071995,0.000000,-0.655892,0.230344,2.297631,1.000000;;
 }

 Frame {
  

  FrameTransformMatrix {
   1.000000,-0.000000,0.000000,0.000000,0.000000,1.000000,-0.000000,0.000000,-0.000000,-0.000000,1.000000,0.000000,0.000000,0.000000,0.000000,1.000000;;
  }
 }

 Frame Object09 {
  

  FrameTransformMatrix {
   -0.027279,0.885597,0.000000,0.000000,-0.999526,-0.030788,-0.000000,0.000000,-0.000000,0.000000,1.000000,0.000000,-0.000087,0.000000,0.013111,1.000000;;
  }

  Frame {
   

   FrameTransformMatrix {
    1.000000,-0.000000,0.000000,0.000000,-0.000000,1.000000,-0.000000,0.000000,-0.000000,0.000000,1.000000,0.000000,-0.001482,-0.000000,0.169437,1.000000;;
   }

   Mesh  {
    8;
    0.000000;0.000000;0.000000;,
    0.000000;0.000000;-0.338874;,
    0.301999;0.000000;-0.338874;,
    0.301999;0.000000;0.000000;,
    0.000000;0.000000;0.000000;,
    0.000000;0.000000;-0.338874;,
    0.301999;0.000000;-0.338874;,
    0.301999;0.000000;0.000000;;
    4;
    3;1,3,2;,
    3;3,1,0;,
    3;5,7,4;,
    3;7,5,6;;

    MeshNormals  {
     2;
     0.000000;1.000000;0.000000;,
     0.000000;-1.000000;0.000000;;
     4;
     3;0,0,0;,
     3;0,0,0;,
     3;1,1,1;,
     3;1,1,1;;
    }

    MeshMaterialList  {
     1;
     4;
     0,
     0,
     0,
     0;
     { PDX01_-_Default }
    }

    MeshTextureCoords  {
     8;
     0.514900;0.507870;,
     0.514900;0.995621;,
     0.992916;0.992936;,
     0.992916;0.505185;,
     0.514900;0.507870;,
     0.514900;0.995621;,
     0.992916;0.992936;,
     0.992916;0.505185;;
    }
   }
  }
 }

 Frame Object10 {
  

  FrameTransformMatrix {
   -0.108769,0.879316,-0.000000,0.000000,0.992436,0.122762,0.000000,0.000000,-0.000000,-0.000000,1.000000,0.000000,-0.000087,0.000000,0.013111,1.000000;;
  }

  Frame {
   

   FrameTransformMatrix {
    1.000000,0.000000,-0.000000,0.000000,-0.000000,1.000000,0.000000,0.000000,0.000000,-0.000000,1.000000,0.000000,-0.001482,0.000000,0.169437,1.000000;;
   }

   Mesh  {
    8;
    0.000000;0.000000;0.000000;,
    0.000000;0.000000;-0.338874;,
    0.301999;0.000000;-0.338874;,
    0.301999;0.000000;0.000000;,
    0.000000;0.000000;0.000000;,
    0.000000;0.000000;-0.338874;,
    0.301999;0.000000;-0.338874;,
    0.301999;0.000000;0.000000;;
    4;
    3;1,2,3;,
    3;3,0,1;,
    3;5,4,7;,
    3;7,6,5;;

    MeshNormals  {
     2;
     0.000000;1.000000;0.000000;,
     0.000000;-1.000000;0.000000;;
     4;
     3;0,0,0;,
     3;0,0,0;,
     3;1,1,1;,
     3;1,1,1;;
    }

    MeshMaterialList  {
     1;
     4;
     0,
     0,
     0,
     0;
     { PDX01_-_Default }
    }

    MeshTextureCoords  {
     8;
     0.514900;0.507870;,
     0.514900;0.995621;,
     0.992916;0.992936;,
     0.992916;0.505185;,
     0.514900;0.507870;,
     0.514900;0.995621;,
     0.992916;0.992936;,
     0.992916;0.505185;;
    }
   }
  }
 }
}

Frame Dummy06 {
 

 FrameTransformMatrix {
  0.984929,-0.016204,-0.172200,0.000000,-0.055485,-0.972584,-0.225834,0.000000,-0.163820,0.231985,-0.958825,0.000000,0.890850,1.126767,-1.919699,1.000000;;
 }

 Frame {
  

  FrameTransformMatrix {
   1.000000,-0.000000,-0.000000,0.000000,-0.000000,1.000000,-0.000000,0.000000,-0.000000,-0.000000,1.000000,0.000000,-0.000000,-0.000000,-0.000000,1.000000;;
  }
 }

 Frame Object11 {
  

  FrameTransformMatrix {
   0.062816,0.883788,-0.000000,0.000000,-0.997484,0.070897,-0.000000,0.000000,0.000000,-0.000000,1.000000,0.000000,-0.003493,-0.000000,0.003170,1.000000;;
  }

  Frame {
   

   FrameTransformMatrix {
    1.000000,0.000000,-0.000000,0.000000,0.000000,1.000000,-0.000000,0.000000,-0.000000,0.000000,1.000000,0.000000,0.300517,-0.000000,0.169437,1.000000;;
   }

   Mesh  {
    8;
    -0.301999;0.000000;0.000000;,
    -0.301999;0.000000;-0.338874;,
    0.000000;0.000000;-0.338874;,
    0.000000;0.000000;0.000000;,
    -0.301999;0.000000;0.000000;,
    -0.301999;0.000000;-0.338874;,
    0.000000;0.000000;-0.338874;,
    0.000000;0.000000;0.000000;;
    4;
    3;1,3,2;,
    3;3,1,0;,
    3;5,7,4;,
    3;7,5,6;;

    MeshNormals  {
     2;
     0.000000;1.000000;0.000000;,
     0.000000;-1.000000;0.000000;;
     4;
     3;0,0,0;,
     3;0,0,0;,
     3;1,1,1;,
     3;1,1,1;;
    }

    MeshMaterialList  {
     1;
     4;
     0,
     0,
     0,
     0;
     { PDX01_-_Default }
    }

    MeshTextureCoords  {
     8;
     0.007084;0.505185;,
     0.007084;0.992936;,
     0.514900;0.995621;,
     0.514900;0.507870;,
     0.007084;0.505185;,
     0.007084;0.992936;,
     0.514900;0.995621;,
     0.514900;0.507870;;
    }
   }
  }
 }

 Frame Object12 {
  

  FrameTransformMatrix {
   -0.005902,0.885998,-0.000000,0.000000,0.999978,0.006661,0.000000,0.000000,-0.000000,-0.000000,1.000000,0.000000,-0.003493,-0.000000,0.003170,1.000000;;
  }

  Frame {
   

   FrameTransformMatrix {
    1.000000,0.000000,-0.000000,0.000000,-0.000000,1.000000,-0.000000,0.000000,0.000000,0.000000,1.000000,0.000000,0.300517,0.000000,0.169437,1.000000;;
   }

   Mesh  {
    8;
    -0.301999;0.000000;0.000000;,
    -0.301999;0.000000;-0.338874;,
    0.000000;0.000000;-0.338874;,
    0.000000;0.000000;0.000000;,
    -0.298565;-0.007313;0.002203;,
    -0.305307;0.001117;-0.336513;,
    -0.003434;0.007313;-0.341076;,
    0.003309;-0.001117;-0.002360;;
    4;
    3;1,2,3;,
    3;3,0,1;,
    3;5,4,7;,
    3;7,6,5;;

    MeshNormals  {
     4;
     0.000000;1.000000;0.000000;,
     0.020132;-0.999478;-0.025274;,
     0.020132;-0.999478;-0.025274;,
     0.020132;-0.999478;-0.025274;;
     4;
     3;0,0,0;,
     3;0,0,0;,
     3;1,2,3;,
     3;3,2,1;;
    }

    MeshMaterialList  {
     1;
     4;
     0,
     0,
     0,
     0;
     { PDX01_-_Default }
    }

    MeshTextureCoords  {
     8;
     0.007084;0.505185;,
     0.007084;0.992936;,
     0.514900;0.995621;,
     0.514900;0.507870;,
     0.007084;0.505185;,
     0.007084;0.992936;,
     0.514900;0.995621;,
     0.514900;0.507870;;
    }
   }
  }
 }
}

Frame Dummy07 {
 

 FrameTransformMatrix {
  -0.776645,0.107756,-0.620654,0.000000,-0.264663,0.838268,0.476718,0.000000,0.571644,0.534504,-0.622518,0.000000,0.406779,0.208341,1.525470,1.000000;;
 }

 Frame {
  

  FrameTransformMatrix {
   1.000000,0.000000,-0.000000,0.000000,0.000000,1.000000,-0.000000,0.000000,-0.000000,-0.000000,1.000000,0.000000,0.000000,0.000000,0.000000,1.000000;;
  }
 }

 Frame Object13 {
  

  FrameTransformMatrix {
   -0.068482,0.883367,-0.000000,0.000000,0.997009,0.077292,0.000000,0.000000,-0.000000,-0.000000,1.000000,0.000000,0.000241,0.000000,0.009109,1.000000;;
  }

  Frame {
   

   FrameTransformMatrix {
    1.000000,-0.000000,0.000000,0.000000,0.000000,1.000000,-0.000000,0.000000,-0.000000,0.000000,1.000000,0.000000,0.300516,0.000000,-0.169437,1.000000;;
   }

   Mesh  {
    8;
    -0.301999;0.000000;0.338874;,
    -0.301999;0.000000;0.000000;,
    0.000000;0.000000;0.000000;,
    0.000000;0.000000;0.338874;,
    -0.301999;0.000000;0.338874;,
    -0.301999;0.000000;0.000000;,
    0.000000;0.000000;0.000000;,
    0.000000;0.000000;0.338874;;
    4;
    3;1,2,3;,
    3;3,0,1;,
    3;5,4,7;,
    3;7,6,5;;

    MeshNormals  {
     2;
     0.000000;1.000000;0.000000;,
     0.000000;-1.000000;0.000000;;
     4;
     3;0,0,0;,
     3;0,0,0;,
     3;1,1,1;,
     3;1,1,1;;
    }

    MeshMaterialList  {
     1;
     4;
     0,
     0,
     0,
     0;
     { PDX01_-_Default }
    }

    MeshTextureCoords  {
     8;
     0.007084;0.007103;,
     0.007084;0.505185;,
     0.514900;0.507870;,
     0.514900;0.009789;,
     0.007084;0.007103;,
     0.007084;0.505185;,
     0.514900;0.507870;,
     0.514900;0.009789;;
    }
   }
  }
 }

 Frame Object14 {
  

  FrameTransformMatrix {
   0.117755,0.878158,0.000000,0.000000,-0.991129,0.132903,0.000000,0.000000,-0.000000,0.000000,1.000000,0.000000,0.000241,0.000000,0.009109,1.000000;;
  }

  Frame {
   

   FrameTransformMatrix {
    1.000000,-0.000000,-0.000000,0.000000,0.000000,1.000000,-0.000000,0.000000,0.000000,0.000000,1.000000,0.000000,0.300517,0.000000,-0.169437,1.000000;;
   }

   Mesh  {
    8;
    -0.301999;0.000000;0.338874;,
    -0.301999;0.000000;0.000000;,
    0.000000;0.000000;0.000000;,
    0.000000;0.000000;0.338874;,
    -0.301999;0.000000;0.338874;,
    -0.301999;0.000000;0.000000;,
    0.000000;0.000000;0.000000;,
    0.000000;0.000000;0.338874;;
    4;
    3;1,3,2;,
    3;3,1,0;,
    3;5,7,4;,
    3;7,5,6;;

    MeshNormals  {
     2;
     0.000000;1.000000;0.000000;,
     0.000000;-1.000000;0.000000;;
     4;
     3;0,0,0;,
     3;0,0,0;,
     3;1,1,1;,
     3;1,1,1;;
    }

    MeshMaterialList  {
     1;
     4;
     0,
     0,
     0,
     0;
     { PDX01_-_Default }
    }

    MeshTextureCoords  {
     8;
     0.007084;0.007103;,
     0.007084;0.505185;,
     0.514900;0.507870;,
     0.514900;0.009789;,
     0.007084;0.007103;,
     0.007084;0.505185;,
     0.514900;0.507870;,
     0.514900;0.009789;;
    }
   }
  }
 }
}

Frame Dummy08 {
 

 FrameTransformMatrix {
  -0.015659,0.165574,-0.986073,0.000000,0.347272,0.925703,0.149922,0.000000,0.937634,-0.340088,-0.071995,0.000000,-0.655892,0.230344,2.297631,1.000000;;
 }

 Frame {
  

  FrameTransformMatrix {
   1.000000,-0.000000,0.000000,0.000000,0.000000,1.000000,-0.000000,0.000000,-0.000000,-0.000000,1.000000,0.000000,0.000000,0.000000,0.000000,1.000000;;
  }
 }

 Frame Object15 {
  

  FrameTransformMatrix {
   -0.027279,0.885597,0.000000,0.000000,-0.999526,-0.030788,-0.000000,0.000000,-0.000000,0.000000,1.000000,0.000000,-0.000087,0.000000,0.013111,1.000000;;
  }

  Frame {
   

   FrameTransformMatrix {
    1.000000,-0.000000,0.000000,0.000000,-0.000000,1.000000,-0.000000,0.000000,-0.000000,0.000000,1.000000,0.000000,-0.001482,-0.000000,0.169437,1.000000;;
   }

   Mesh  {
    8;
    0.000000;0.000000;0.000000;,
    0.000000;0.000000;-0.338874;,
    0.301999;0.000000;-0.338874;,
    0.301999;0.000000;0.000000;,
    0.000000;0.000000;0.000000;,
    0.000000;0.000000;-0.338874;,
    0.301999;0.000000;-0.338874;,
    0.301999;0.000000;0.000000;;
    4;
    3;1,3,2;,
    3;3,1,0;,
    3;5,7,4;,
    3;7,5,6;;

    MeshNormals  {
     2;
     0.000000;1.000000;0.000000;,
     0.000000;-1.000000;0.000000;;
     4;
     3;0,0,0;,
     3;0,0,0;,
     3;1,1,1;,
     3;1,1,1;;
    }

    MeshMaterialList  {
     1;
     4;
     0,
     0,
     0,
     0;
     { PDX01_-_Default }
    }

    MeshTextureCoords  {
     8;
     0.514900;0.507870;,
     0.514900;0.995621;,
     0.992916;0.992936;,
     0.992916;0.505185;,
     0.514900;0.507870;,
     0.514900;0.995621;,
     0.992916;0.992936;,
     0.992916;0.505185;;
    }
   }
  }
 }

 Frame Object16 {
  

  FrameTransformMatrix {
   -0.108769,0.879316,-0.000000,0.000000,0.992436,0.122762,0.000000,0.000000,-0.000000,-0.000000,1.000000,0.000000,-0.000087,0.000000,0.013111,1.000000;;
  }

  Frame {
   

   FrameTransformMatrix {
    1.000000,0.000000,-0.000000,0.000000,-0.000000,1.000000,0.000000,0.000000,0.000000,-0.000000,1.000000,0.000000,-0.001482,0.000000,0.169437,1.000000;;
   }

   Mesh  {
    8;
    0.000000;0.000000;0.000000;,
    0.000000;0.000000;-0.338874;,
    0.301999;0.000000;-0.338874;,
    0.301999;0.000000;0.000000;,
    0.000000;0.000000;0.000000;,
    0.000000;0.000000;-0.338874;,
    0.301999;0.000000;-0.338874;,
    0.301999;0.000000;0.000000;;
    4;
    3;1,2,3;,
    3;3,0,1;,
    3;5,4,7;,
    3;7,6,5;;

    MeshNormals  {
     2;
     0.000000;1.000000;0.000000;,
     0.000000;-1.000000;0.000000;;
     4;
     3;0,0,0;,
     3;0,0,0;,
     3;1,1,1;,
     3;1,1,1;;
    }

    MeshMaterialList  {
     1;
     4;
     0,
     0,
     0,
     0;
     { PDX01_-_Default }
    }

    MeshTextureCoords  {
     8;
     0.514900;0.507870;,
     0.514900;0.995621;,
     0.992916;0.992936;,
     0.992916;0.505185;,
     0.514900;0.507870;,
     0.514900;0.995621;,
     0.992916;0.992936;,
     0.992916;0.505185;;
    }
   }
  }
 }
}

AnimationSet Anim-1 {
 

 Animation Anim-Dummy01 {
  
  { Dummy01 }

  AnimationKey {
   4;
   151;
   0;16;-0.964391,-0.249742,-0.087054,0.000000,0.142280,-0.767364,0.625227,0.000000,-0.222948,0.590578,0.775572,0.000000,2.949243,0.312802,0.668243,1.000000;;,
   160;16;-0.964526,-0.244991,-0.098334,0.000000,0.124688,-0.751107,0.648298,0.000000,-0.232687,0.613039,0.755010,0.000000,2.912281,0.351280,0.800541,1.000000;;,
   320;16;-0.964127,-0.239954,-0.113496,0.000000,0.103644,-0.733939,0.671261,0.000000,-0.244371,0.635418,0.732480,0.000000,2.873192,0.393756,0.930990,1.000000;;,
   480;16;-0.962234,-0.235012,-0.137385,0.000000,0.076251,-0.717160,0.692724,0.000000,-0.261326,0.656087,0.707996,0.000000,2.831047,0.439962,1.059197,1.000000;;,
   640;16;-0.958130,-0.230352,-0.170073,0.000000,0.042329,-0.701390,0.711520,0.000000,-0.283187,0.674530,0.681773,0.000000,2.784856,0.489631,1.184686,1.000000;;,
   800;16;-0.950513,-0.225944,-0.213246,0.000000,0.000063,-0.686516,0.727115,0.000000,-0.310684,0.691119,0.652556,0.000000,2.733492,0.542506,1.306802,1.000000;;,
   960;16;-0.937326,-0.221902,-0.268663,0.000000,-0.052192,-0.672909,0.737882,0.000000,-0.344523,0.705658,0.619153,0.000000,2.675902,0.598200,1.424813,1.000000;;,
   1120;16;-0.916710,-0.218636,-0.334426,0.000000,-0.112480,-0.661935,0.741073,0.000000,-0.383394,0.716966,0.582211,0.000000,2.610857,0.656295,1.537670,1.000000;;,
   1280;16;-0.885076,-0.216328,-0.412119,0.000000,-0.181934,-0.654191,0.734121,0.000000,-0.428415,0.724732,0.539652,0.000000,2.537332,0.716184,1.644193,1.000000;;,
   1440;16;-0.839070,-0.215407,-0.499562,0.000000,-0.257855,-0.651103,0.713846,0.000000,-0.479033,0.727781,0.490777,0.000000,2.454296,0.777107,1.742835,1.000000;;,
   1600;16;-0.778222,-0.216210,-0.589596,0.000000,-0.333096,-0.653794,0.679412,0.000000,-0.532370,0.725125,0.436778,0.000000,2.361264,0.838073,1.832060,1.000000;;,
   1760;16;-0.700854,-0.218903,-0.678885,0.000000,-0.403776,-0.662832,0.630570,0.000000,-0.588021,0.716055,0.376161,0.000000,2.258234,0.897956,1.910355,1.000000;;,
   1920;16;-0.611925,-0.223299,-0.758739,0.000000,-0.462103,-0.677607,0.572109,0.000000,-0.641879,0.700704,0.311457,0.000000,2.145732,0.955546,1.976364,1.000000;;,
   2080;16;-0.515609,-0.229008,-0.825653,0.000000,-0.505395,-0.696851,0.508895,0.000000,-0.691898,0.679672,0.243563,0.000000,2.025099,1.009814,2.029593,1.000000;;,
   2240;16;-0.421365,-0.235218,-0.875856,0.000000,-0.532201,-0.717858,0.448822,0.000000,-0.734312,0.655249,0.177297,0.000000,1.897865,1.059950,2.069983,1.000000;;,
   2400;16;-0.330801,-0.241573,-0.912257,0.000000,-0.546010,-0.739452,0.393806,0.000000,-0.769703,0.628374,0.112710,0.000000,1.765682,1.105480,2.098108,1.000000;;,
   2560;16;-0.250412,-0.247420,-0.935990,0.000000,-0.549820,-0.759411,0.347840,0.000000,-0.796864,0.601730,0.054129,0.000000,1.630084,1.146285,2.115041,1.000000;;,
   2720;16;-0.176509,-0.252897,-0.951256,0.000000,-0.547074,-0.778202,0.308401,0.000000,-0.818263,0.574843,-0.000994,0.000000,1.492311,1.182493,2.122047,1.000000;;,
   2880;16;-0.113296,-0.257612,-0.959583,0.000000,-0.540415,-0.794464,0.277089,0.000000,-0.833736,0.549966,-0.049207,0.000000,1.353289,1.214334,2.120311,1.000000;;,
   3040;16;-0.057818,-0.261746,-0.963403,0.000000,-0.531524,-0.808801,0.251641,0.000000,-0.845068,0.526621,-0.092362,0.000000,1.213696,1.242114,2.110956,1.000000;;,
   3200;16;0.012128,-0.269244,-0.962996,0.000000,-0.501150,-0.835016,0.227150,0.000000,-0.865275,0.479851,-0.145059,0.000000,1.073939,1.265442,2.094685,1.000000;;,
   3360;16;0.110047,-0.280742,-0.953453,0.000000,-0.435281,-0.876009,0.207699,0.000000,-0.893544,0.392163,-0.218604,0.000000,0.934298,1.276728,2.068248,1.000000;;,
   3520;16;0.197797,-0.289051,-0.936657,0.000000,-0.370510,-0.906695,0.201563,0.000000,-0.907524,0.307172,-0.286438,0.000000,0.796473,1.274384,2.031804,1.000000;;,
   3680;16;0.273448,-0.294478,-0.915702,0.000000,-0.311219,-0.927864,0.205453,0.000000,-0.910148,0.228803,-0.345370,0.000000,0.661853,1.259732,1.987119,1.000000;;,
   3840;16;0.334951,-0.297563,-0.894016,0.000000,-0.260700,-0.941051,0.215545,0.000000,-0.905452,0.160873,-0.392780,0.000000,0.531101,1.234499,1.936070,1.000000;;,
   4000;16;0.382602,-0.299032,-0.874183,0.000000,-0.219381,-0.948518,0.228443,0.000000,-0.897490,0.104376,-0.428506,0.000000,0.404260,1.200501,1.880405,1.000000;;,
   4160;16;0.417811,-0.299508,-0.857747,0.000000,-0.186089,-0.952295,0.241878,0.000000,-0.889272,0.058558,-0.453614,0.000000,0.280952,1.159426,1.821633,1.000000;;,
   4320;16;0.442351,-0.299433,-0.845379,0.000000,-0.158977,-0.953870,0.254674,0.000000,-0.882639,0.021741,-0.469548,0.000000,0.160561,1.112743,1.761010,1.000000;;,
   4480;16;0.457206,-0.299088,-0.837561,0.000000,-0.136670,-0.954198,0.266134,0.000000,-0.878797,-0.007208,-0.477142,0.000000,0.042358,1.061699,1.699590,1.000000;;,
   4640;16;0.462781,-0.298670,-0.834644,0.000000,-0.118421,-0.953924,0.275692,0.000000,-0.878527,-0.028746,-0.476827,0.000000,-0.074425,1.007341,1.638292,1.000000;;,
   4800;16;0.459571,-0.298315,-0.836542,0.000000,-0.103982,-0.953497,0.282898,0.000000,-0.882033,-0.043027,-0.469219,0.000000,-0.190592,0.950640,1.577951,1.000000;;,
   4960;16;0.447760,-0.298086,-0.843004,0.000000,-0.092278,-0.953166,0.288025,0.000000,-0.889379,-0.051175,-0.454297,0.000000,-0.306929,0.892454,1.519377,1.000000;;,
   5120;16;0.426098,-0.298034,-0.854176,0.000000,-0.083218,-0.953087,0.291033,0.000000,-0.900841,-0.052926,-0.430910,0.000000,-0.424217,0.833618,1.463411,1.000000;;,
   5280;16;0.393941,-0.298191,-0.869421,0.000000,-0.077577,-0.953323,0.291817,0.000000,-0.915856,-0.047512,-0.398686,0.000000,-0.543252,0.775011,1.411014,1.000000;;,
   5440;16;0.350931,-0.298537,-0.887538,0.000000,-0.076181,-0.953778,0.290695,0.000000,-0.933297,-0.034400,-0.357453,0.000000,-0.664770,0.717594,1.363219,1.000000;;,
   5600;16;0.295198,-0.299000,-0.907445,0.000000,-0.080119,-0.954172,0.288333,0.000000,-0.952071,-0.012411,-0.305625,0.000000,-0.789457,0.662470,1.321266,1.000000;;,
   5760;16;0.225080,-0.299420,-0.927193,0.000000,-0.091036,-0.953911,0.285948,0.000000,-0.970078,0.020047,-0.241964,0.000000,-0.917854,0.610943,1.286601,1.000000;;,
   5920;16;0.139973,-0.299483,-0.943778,0.000000,-0.110514,-0.951932,0.285680,0.000000,-0.983968,0.064313,-0.166342,0.000000,-1.050224,0.564541,1.260855,1.000000;;,
   6080;16;0.041070,-0.298706,-0.953461,0.000000,-0.139212,-0.946669,0.290581,0.000000,-0.989411,0.120799,-0.080463,0.000000,-1.186385,0.524980,1.245738,1.000000;;,
   6240;16;-0.067857,-0.296507,-0.952617,0.000000,-0.175688,-0.936346,0.303957,0.000000,-0.982104,0.187989,0.011445,0.000000,-1.325526,0.494009,1.242799,1.000000;;,
   6400;16;-0.159222,-0.293119,-0.942725,0.000000,-0.212251,-0.922413,0.322652,0.000000,-0.964157,0.251468,0.084653,0.000000,-1.466195,0.473009,1.252819,1.000000;;,
   6560;16;-0.136263,-0.292279,-0.946576,0.000000,-0.233447,-0.919107,0.317403,0.000000,-0.962775,0.264225,0.057008,0.000000,-1.607392,0.457101,1.265463,1.000000;;,
   6720;16;-0.108622,-0.291255,-0.950459,0.000000,-0.257905,-0.915121,0.309901,0.000000,-0.960045,0.278790,0.024287,0.000000,-1.749125,0.443200,1.273694,1.000000;;,
   6880;16;-0.076007,-0.289995,-0.954005,0.000000,-0.285826,-0.910284,0.299477,0.000000,-0.955262,0.295442,-0.013701,0.000000,-1.891264,0.431589,1.276773,1.000000;;,
   7040;16;-0.037637,-0.288447,-0.956756,0.000000,-0.317372,-0.904413,0.285151,0.000000,-0.947554,0.314380,-0.057506,0.000000,-2.033594,0.422648,1.273720,1.000000;;,
   7200;16;0.010438,-0.286412,-0.958050,0.000000,-0.354874,-0.896797,0.264234,0.000000,-0.934856,0.337229,-0.111001,0.000000,-2.175733,0.416817,1.263362,1.000000;;,
   7360;16;0.066469,-0.283923,-0.956540,0.000000,-0.395568,-0.887605,0.235974,0.000000,-0.916028,0.362692,-0.171309,0.000000,-2.317061,0.414612,1.244307,1.000000;;,
   7520;16;0.134499,-0.280755,-0.950309,0.000000,-0.440366,-0.876053,0.196491,0.000000,-0.887687,0.392056,-0.241464,0.000000,-2.456610,0.416598,1.214973,1.000000;;,
   7680;16;0.213217,-0.276937,-0.936934,0.000000,-0.485355,-0.862306,0.144427,0.000000,-0.847921,0.423951,-0.318271,0.000000,-2.592904,0.423383,1.173606,1.000000;;,
   7840;16;0.303964,-0.272409,-0.912907,0.000000,-0.527306,-0.846186,0.076926,0.000000,-0.793445,0.457998,-0.400852,0.000000,-2.723972,0.435403,1.118792,1.000000;;,
   8000;16;0.402204,-0.267473,-0.875608,0.000000,-0.559538,-0.828795,-0.003847,0.000000,-0.724671,0.491483,-0.483007,0.000000,-2.847414,0.452853,1.049646,1.000000;;,
   8160;16;0.500485,-0.262651,-0.824942,0.000000,-0.576548,-0.811950,-0.091272,0.000000,-0.645838,0.521298,-0.557800,0.000000,-2.960923,0.475454,0.966412,1.000000;;,
   8320;16;0.590185,-0.258526,-0.764752,0.000000,-0.577005,-0.797628,-0.175654,0.000000,-0.564577,0.544934,-0.619919,0.000000,-3.062831,0.502481,0.870443,1.000000;;,
   8480;16;0.666937,-0.255398,-0.699976,0.000000,-0.564108,-0.786819,-0.250397,0.000000,-0.486804,0.561861,-0.668831,0.000000,-3.152583,0.532900,0.763907,1.000000;;,
   8640;16;0.728135,-0.253368,-0.636886,0.000000,-0.543320,-0.779824,-0.310931,0.000000,-0.417879,0.572433,-0.705477,0.000000,-3.230780,0.565604,0.649226,1.000000;;,
   8800;16;0.774795,-0.252302,-0.579687,0.000000,-0.519793,-0.776154,-0.356931,0.000000,-0.359873,0.577865,-0.732505,0.000000,-3.298672,0.599642,0.528507,1.000000;;,
   8960;16;0.809701,-0.251976,-0.529993,0.000000,-0.496804,-0.775036,-0.390519,0.000000,-0.312362,0.579507,-0.752730,0.000000,-3.357833,0.634261,0.403423,1.000000;;,
   9120;16;0.835720,-0.252198,-0.487820,0.000000,-0.475934,-0.775797,-0.414278,0.000000,-0.273970,0.578390,-0.768378,0.000000,-3.409760,0.668911,0.275164,1.000000;;,
   9280;16;0.854962,-0.252810,-0.452909,0.000000,-0.457960,-0.777904,-0.430277,0.000000,-0.243541,0.575285,-0.780855,0.000000,-3.455927,0.703198,0.144621,1.000000;;,
   9440;16;0.860761,-0.248721,-0.444103,0.000000,-0.456232,-0.763867,-0.456465,0.000000,-0.225703,0.595521,-0.770982,0.000000,-3.497651,0.737191,0.012511,1.000000;;,
   9600;16;0.815930,-0.211490,-0.538080,0.000000,-0.532314,-0.637988,-0.556429,0.000000,-0.225609,0.740435,-0.633133,0.000000,-3.541092,0.787479,-0.113439,1.000000;;,
   9760;16;0.757457,-0.162826,-0.632255,0.000000,-0.621444,-0.476708,-0.621737,0.000000,-0.200166,0.863850,-0.462273,0.000000,-3.587811,0.863978,-0.224050,1.000000;;,
   9920;16;0.691775,-0.113469,-0.713143,0.000000,-0.705725,-0.315443,-0.634388,0.000000,-0.152972,0.942136,-0.298293,0.000000,-3.634851,0.962832,-0.315150,1.000000;;,
   10080;16;0.628190,-0.072481,-0.774677,0.000000,-0.771926,-0.182835,-0.608853,0.000000,-0.097508,0.980468,-0.170805,0.000000,-3.679621,1.077306,-0.387280,1.000000;;,
   10240;16;0.578426,-0.042195,-0.814643,0.000000,-0.814468,-0.085510,-0.573873,0.000000,-0.045446,0.995443,-0.083828,0.000000,-3.720668,1.201406,-0.444253,1.000000;;,
   10400;16;0.556232,-0.021274,-0.830755,0.000000,-0.831019,-0.018587,-0.555933,0.000000,-0.003614,0.999601,-0.028018,0.000000,-3.757436,1.331089,-0.490867,1.000000;;,
   10560;16;0.575195,-0.007814,-0.817979,0.000000,-0.817652,0.024344,-0.575198,0.000000,0.024407,0.999673,0.007613,0.000000,-3.789638,1.463988,-0.531468,1.000000;;,
   10720;16;0.642217,-0.001223,-0.766522,0.000000,-0.765699,0.045330,-0.641600,0.000000,0.035531,0.998971,0.028175,0.000000,-3.817044,1.598553,-0.570071,1.000000;;,
   10880;16;0.746018,-0.002697,-0.665921,0.000000,-0.665291,0.040639,-0.745477,0.000000,0.029073,0.999170,0.028523,0.000000,-3.839208,1.733545,-0.610485,1.000000;;,
   11040;16;0.852349,-0.014929,-0.522760,0.000000,-0.522797,0.001663,-0.852456,0.000000,0.013596,0.999887,-0.006387,0.000000,-3.855335,1.867481,-0.656773,1.000000;;,
   11200;16;0.948143,-0.055056,-0.313040,0.000000,-0.317616,-0.126775,-0.939706,0.000000,0.012051,0.990402,-0.137687,0.000000,-3.865330,2.043883,-0.737771,1.000000;;,
   11360;16;0.982019,-0.123263,-0.142986,0.000000,-0.177661,-0.347296,-0.920773,0.000000,0.063839,0.929619,-0.362950,0.000000,-3.857652,2.201693,-0.850431,1.000000;;,
   11520;16;0.979978,-0.198834,-0.010416,0.000000,-0.129303,-0.595766,-0.792681,0.000000,0.151406,0.778157,-0.609547,0.000000,-3.829996,2.322325,-0.999564,1.000000;;,
   11680;16;0.964900,-0.247858,0.086797,0.000000,-0.138435,-0.760911,-0.633917,0.000000,0.223166,0.599651,-0.768515,0.000000,-3.786324,2.394483,-1.174278,1.000000;;,
   11840;16;0.953007,-0.263520,0.149445,0.000000,-0.137058,-0.814976,-0.563053,0.000000,0.270170,0.516111,-0.812796,0.000000,-3.733268,2.437183,-1.356455,1.000000;;,
   12000;16;0.934621,-0.277590,0.222324,0.000000,-0.142188,-0.864645,-0.481842,0.000000,0.325985,0.418728,-0.847585,0.000000,-3.671299,2.459622,-1.539422,1.000000;;,
   12160;16;0.907651,-0.288739,0.304631,0.000000,-0.155565,-0.905515,-0.394768,0.000000,0.389833,0.310921,-0.866809,0.000000,-3.599450,2.459903,-1.720116,1.000000;;,
   12320;16;0.881632,-0.294410,0.368847,0.000000,-0.170726,-0.927588,-0.332316,0.000000,0.439975,0.230009,-0.868054,0.000000,-3.542241,2.446378,-1.844884,1.000000;;,
   12480;16;0.849215,-0.297935,0.435969,0.000000,-0.190205,-0.942793,-0.273795,0.000000,0.492602,0.149587,-0.857302,0.000000,-3.479636,2.421467,-1.965227,1.000000;;,
   12640;16;0.809721,-0.299428,0.504673,0.000000,-0.213051,-0.951343,-0.222613,0.000000,0.546773,0.072733,-0.834116,0.000000,-3.411694,2.385869,-2.079852,1.000000;;,
   12800;16;0.762671,-0.299228,0.573408,0.000000,-0.237797,-0.954179,-0.181644,0.000000,0.601487,0.002180,-0.798880,0.000000,-3.338484,2.340501,-2.187577,1.000000;;,
   12960;16;0.707748,-0.297818,0.640623,0.000000,-0.262463,-0.952742,-0.152954,0.000000,0.655901,-0.059887,-0.752468,0.000000,-3.260126,2.286555,-2.287446,1.000000;;,
   13120;16;0.644952,-0.295740,0.704681,0.000000,-0.284763,-0.948683,-0.137516,0.000000,0.709188,-0.111976,-0.696071,0.000000,-3.176742,2.225387,-2.378718,1.000000;;,
   13280;16;0.574725,-0.293514,0.763899,0.000000,-0.302180,-0.943612,-0.135218,0.000000,0.760512,-0.153122,-0.631011,0.000000,-3.088446,2.158441,-2.460866,1.000000;;,
   13440;16;0.498065,-0.291583,0.816646,0.000000,-0.312181,-0.938916,-0.144843,0.000000,0.808996,-0.182800,-0.558668,0.000000,-2.995358,2.087210,-2.533577,1.000000;;,
   13600;16;0.416627,-0.290279,0.861487,0.000000,-0.312454,-0.935641,-0.164158,0.000000,0.853695,-0.200782,-0.480512,0.000000,-2.897564,2.013144,-2.596638,1.000000;;,
   13760;16;0.332645,-0.289801,0.897420,0.000000,-0.301172,-0.934426,-0.190116,0.000000,0.893668,-0.207037,-0.398112,0.000000,-2.795144,1.937660,-2.649919,1.000000;;,
   13920;16;0.248686,-0.290208,0.924086,0.000000,-0.277272,-0.935462,-0.219162,0.000000,0.928049,-0.201721,-0.313102,0.000000,-2.688198,1.862144,-2.693346,1.000000;;,
   14080;16;0.167453,-0.291421,0.941824,0.000000,-0.240576,-0.938513,-0.247623,0.000000,0.956077,-0.185115,-0.227266,0.000000,-2.576860,1.787951,-2.726894,1.000000;;,
   14240;16;0.091327,-0.293233,0.951669,0.000000,-0.191853,-0.942940,-0.272132,0.000000,0.977165,-0.157727,-0.142373,0.000000,-2.461342,1.716400,-2.750589,1.000000;;,
   14400;16;0.022182,-0.295330,0.955138,0.000000,-0.132729,-0.947786,-0.289974,0.000000,0.990904,-0.120342,-0.060223,0.000000,-2.341942,1.648761,-2.764525,1.000000;;,
